  (0, 7305)	1
  (0, 3689)	1
  (0, 13876)	1
  (0, 15512)	1
  (0, 6018)	1
  (0, 4260)	1
  (0, 4737)	1
  (0, 1720)	1
  (0, 2140)	1
  (0, 9563)	1
  (0, 14314)	1
  (1, 6018)	1
  (1, 13954)	1
  (1, 1879)	1
  (1, 3862)	1
  (1, 16023)	1
  (1, 12515)	1
  (1, 6404)	2
  (1, 15245)	1
  (1, 3264)	1
  (1, 4815)	1
  (1, 10893)	1
  (1, 9136)	1
  (1, 16076)	1
  (1, 12808)	1
  :	:
  (2873, 6609)	1
  (2873, 9651)	1
  (2873, 3617)	1
  (2873, 9377)	1
  (2873, 225)	1
  (2873, 8283)	1
  (2873, 6500)	1
  (2873, 7501)	1
  (2873, 12573)	1
  (2873, 7573)	1
  (2873, 5269)	1
  (2873, 6948)	1
  (2873, 9877)	1
  (2873, 11485)	1
  (2873, 8782)	1
  (2873, 4151)	1
  (2873, 240)	1
  (2873, 65)	1
  (2873, 2899)	1
  (2873, 8198)	1
  (2873, 7195)	1
  (2873, 10439)	1
  (2873, 15459)	1
  (2873, 13295)	1
  (2873, 7753)	1